tfp1 <- c(0.5 , 0.5 , 0.518519 , 0.6 , 0.606061 , 0.625 , 0.636364 , 0.652174 , 0.703704 , 0.733333)
tvp1 <- c(0.466667 , 0.705882 , 0.655172 , 0.774194 , 0.782609 , 0.6875 , 0.764706 , 0.787879 , 0.931034 , 0.741935)
